20.00, -23.69
21.86, -23.08
21.86, -23.08
22.35, -22.85
22.35, -22.85
22.72, -22.85
22.72, -22.85
23.11, -22.69
23.11, -22.69
24.16, -22.62
24.16, -22.62
24.29, -22.54
24.29, -22.54
26.25, -22.54
26.25, -22.54
26.40, -22.62
26.40, -22.62
26.99, -22.62
27.14, -22.69
27.60, -22.69
27.60, -22.69
28.06, -22.85
28.06, -22.85
28.53, -22.85
28.53, -22.85
28.85, -23.00
28.85, -23.00
29.34, -23.00
29.34, -23.00
29.50, -23.08
29.67, -23.08
29.67, -23.08
29.67, -23.08
29.67, -23.08
29.67, -23.08
29.83, -23.15
29.83, -23.15
30.67, -23.23
30.67, -23.23
30.84, -23.31
30.84, -23.31
32.42, -23.31
32.42, -23.31
33.52, -23.08
33.52, -23.08
34.27, -22.77
34.27, -22.77
35.04, -22.31
35.43, -21.92
35.83, -21.77
36.84, -20.92
36.84, -20.92
36.84, -20.92
36.84, -20.92
37.25, -19.92
37.67, -20.10
37.67, -20.10
37.67, -20.10
37.67, -20.10
37.67, -20.10
37.67, -20.10
37.88, -19.88
37.88, -19.88
38.09, -19.92
38.09, -19.92
38.30, -19.46
38.30, -19.46
38.51, -19.92
38.73, -19.15
38.73, -19.15
39.16, -18.54
39.16, -18.54
39.38, -18.46
39.60, -18.37
39.60, -18.37
39.60, -18.37
39.60, -18.37
39.60, -18.37
40.04, -17.92
40.04, -17.92
40.49, -17.31
40.49, -17.31
41.39, -16.58
41.39, -16.58
41.39, -16.58
41.39, -16.58
41.63, -16.27
41.63, -16.27
41.63, -16.27
41.63, -16.27
41.86, -16.08
42.09, -15.74
42.09, -15.74
42.09, -15.74
42.56, -15.46
42.80, -15.08
42.80, -15.08
43.04, -15.00
43.04, -15.00
43.28, -15.00
43.28, -15.00
43.52, -14.62
43.52, -14.62
43.76, -15.00
44.49, -13.92
44.49, -13.92
44.99, -13.54
44.99, -13.54
44.99, -13.54
45.24, -13.15
45.75, -12.85
45.75, -12.85
46.77, -12.15
46.77, -12.15
48.36, -11.15
48.36, -11.15
49.17, -10.69
49.44, -10.44
49.44, -10.44
49.44, -10.44
49.44, -10.44
49.72, -10.23
49.72, -10.23
50.00, -10.04
50.00, -10.04
50.27, -9.92
50.27, -9.92
50.27, -9.92
50.84, -10.08
51.98, -8.85
51.98, -8.85
53.15, -8.23
53.74, -7.69
54.34, -7.46
54.34, -7.46
54.64, -6.92
54.64, -6.92
55.25, -6.62
55.25, -6.62
55.87, -6.23
55.87, -6.23
56.49, -5.67
56.49, -5.67
56.49, -5.67
57.12, -5.23
57.12, -5.23
57.12, -5.23
57.12, -5.23
57.44, -5.15
57.44, -5.15
57.76, -5.00
58.08, -5.15
58.73, -4.15
59.06, -4.08
59.39, -3.54
59.39, -3.54
59.39, -3.54
60.05, -3.15
60.72, -2.54
61.06, -2.35
61.06, -2.35
61.06, -2.35
61.06, -2.35
61.40, -2.15
63.13, -0.92
63.13, -0.92
63.48, -0.54
63.48, -0.54
63.48, -0.54
63.48, -0.54
64.19, -0.28
64.19, -0.28
64.19, -0.28
64.19, -0.28
64.19, -0.28
64.55, -0.04
64.55, -0.04
64.91, 0.08
64.91, 0.08
64.91, 0.08
65.27, 0.50
65.27, 0.50
66.00, 0.95
66.00, 0.95
66.00, 0.95
68.61, 2.08
69.38, 2.51
69.38, 2.51
69.38, 2.51
69.76, 2.46
70.54, 2.77
71.33, 3.00
74.57, 3.62
74.57, 3.62
76.25, 3.77
76.25, 3.77
78.39, 3.77
78.39, 3.77
78.83, 3.69
79.27, 3.64
79.27, 3.64
79.27, 3.64
80.15, 3.69
82.87, 3.38
82.87, 3.38
85.20, 3.00
85.20, 3.00
86.15, 2.62
86.15, 2.62
88.09, 2.15
89.07, 1.83
89.07, 1.83
89.07, 1.83
89.07, 1.83
89.07, 1.83
89.57, 1.77
92.60, 0.92
92.60, 0.92
93.12, 0.46
93.12, 0.46
93.64, -0.15
94.68, -0.10
94.68, -0.10
94.68, -0.10
95.21, -0.15
95.21, -0.15
95.74, -0.31
96.27, -0.31
96.27, -0.31
97.89, -1.31
97.89, -1.31
98.44, -1.44
98.44, -1.44
98.44, -1.44
98.98, -1.82
98.98, -1.82
98.98, -1.82
98.98, -1.82
98.98, -1.82
99.53, -2.00
101.21, -2.54
101.21, -2.54
101.77, -3.15
101.77, -3.15
102.34, -3.38
102.34, -3.38
102.34, -3.38
102.34, -3.38
102.91, -3.73
102.91, -3.73
103.48, -4.04
103.48, -4.04
103.48, -4.04
103.48, -4.04
104.06, -4.51
104.06, -4.51
104.06, -4.51
104.06, -4.51
104.06, -4.51
104.64, -4.65
104.64, -4.65
105.22, -5.00
105.22, -5.00
105.22, -5.00
105.22, -5.00
105.22, -5.00
105.80, -5.31
105.80, -5.31
106.39, -5.31
106.39, -5.31
106.99, -5.97
106.99, -5.97
106.99, -5.97
107.58, -6.15
108.18, -6.62
108.18, -6.62
108.78, -7.00
108.78, -7.00
109.39, -7.44
109.39, -7.44
109.39, -7.44
110.00, -7.77
110.00, -7.77
110.00, -7.77
110.00, -7.77
110.61, -8.00
110.61, -8.00
111.23, -9.08
111.23, -9.08
111.85, -9.54
111.85, -9.54
111.85, -9.54
112.47, -9.58
112.47, -9.58
113.09, -9.92
113.09, -9.92
113.09, -9.92
113.09, -9.92
113.09, -9.92
113.72, -10.19
113.72, -10.19
114.36, -10.23
114.36, -10.23
114.99, -10.54
116.28, -10.62
116.28, -10.62
116.93, -10.08
117.58, -10.08
118.23, -10.15
118.23, -10.15
118.23, -10.15
118.89, -9.92
118.89, -9.92
118.89, -9.92
119.55, -9.74
119.55, -9.74
119.55, -9.74
120.22, -9.27
120.22, -9.27
120.89, -8.85
121.56, -8.77
121.56, -8.77
122.24, -7.69
122.24, -7.69
123.60, -7.15
123.60, -7.15
123.60, -7.15
123.60, -7.15
124.98, -6.46
124.98, -6.46
124.98, -6.46
124.98, -6.46
125.68, -5.69
125.68, -5.69
126.38, -5.81
126.38, -5.81
127.08, -5.34
127.08, -5.34
127.08, -5.34
127.08, -5.34
127.08, -5.34
127.79, -5.19
127.79, -5.19
128.50, -4.98
128.50, -4.98
128.50, -4.98
128.50, -4.98
129.22, -4.69
129.94, -4.23
129.94, -4.23
133.59, -3.23
133.59, -3.23
134.34, -2.69
134.34, -2.69
136.60, -2.23
136.60, -2.23
141.22, -1.77
141.22, -1.77
144.39, -1.77
144.39, -1.77
156.07, -2.77
156.07, -2.77
159.57, -3.44
159.57, -3.44
159.57, -3.44
162.25, -4.69
162.25, -4.69
163.16, -4.31
163.16, -4.31
164.07, -5.00
164.07, -5.00
164.98, -5.12
164.98, -5.12
165.90, -5.28
165.90, -5.28
165.90, -5.28
166.82, -5.77
167.75, -5.85
167.75, -5.85
168.68, -6.62
168.68, -6.62
169.62, -6.79
169.62, -6.79
169.62, -6.79
170.57, -7.33
170.57, -7.33
170.57, -7.33
171.52, -7.64
171.52, -7.64
171.52, -7.64
172.47, -8.18
172.47, -8.18
172.47, -8.18
173.43, -8.56
173.43, -8.56
173.43, -8.56
174.40, -9.50
174.40, -9.50
174.40, -9.50
174.40, -9.50
175.37, -9.65
175.37, -9.65
176.35, -9.97
176.35, -9.97
176.35, -9.97
177.33, -10.15
177.33, -10.15
177.33, -10.15
179.31, -10.08
181.31, -10.77
181.31, -10.77
187.45, -11.23
187.45, -11.23
191.66, -11.69
191.66, -11.69
193.80, -11.69
193.80, -11.69
198.16, -10.89
198.16, -10.89
198.16, -10.89
198.16, -10.89
198.16, -10.89
199.26, -10.56
199.26, -10.56
199.26, -10.56
201.49, -10.17
201.49, -10.17
201.49, -10.17
201.49, -10.17
202.61, -9.89
202.61, -9.89
202.61, -9.89
202.61, -9.89
202.61, -9.89
203.74, -9.62
204.87, -9.46
204.87, -9.46
204.87, -9.46
206.01, -8.77
206.01, -8.77
206.01, -8.77
208.31, -8.27
208.31, -8.27
209.47, -8.08
209.47, -8.08
210.64, -7.46
210.64, -7.46
212.99, -7.23
212.99, -7.23
214.18, -6.92
214.18, -6.92
216.57, -6.77
216.57, -6.77
218.99, -6.38
218.99, -6.38
226.41, -5.85
226.41, -5.85
227.67, -5.62
227.67, -5.62
232.78, -5.23
232.78, -5.23
235.38, -5.23
238.01, -5.15
239.33, -5.15
242.01, -5.08
242.01, -5.08
243.35, -5.15
247.44, -5.15
250.21, -4.62
250.21, -4.62
251.60, -4.23
251.60, -4.23
255.83, -3.92
255.83, -3.92
258.68, -3.54
258.68, -3.54
270.43, -2.85
270.43, -2.85
281.15, -2.92
281.15, -2.92
292.29, -3.38
295.56, -3.46
297.20, -3.69
297.20, -3.69
297.20, -3.69
297.20, -3.69
298.86, -3.69
298.86, -3.69
305.57, -4.08
305.57, -4.08
310.71, -4.85
310.71, -4.85
314.17, -5.13
314.17, -5.13
314.17, -5.13
315.92, -5.29
315.92, -5.29
315.92, -5.29
315.92, -5.29
317.68, -5.73
317.68, -5.73
317.68, -5.73
317.68, -5.73
319.45, -5.74
319.45, -5.74
319.45, -5.74
321.23, -6.38
321.23, -6.38
321.23, -6.38
321.23, -6.38
323.02, -6.77
323.02, -6.77
323.02, -6.77
323.02, -6.77
324.82, -7.10
324.82, -7.10
324.82, -7.10
326.63, -7.62
328.45, -7.82
328.45, -7.82
328.45, -7.82
330.27, -8.31
330.27, -8.31
330.27, -8.31
333.96, -8.62
333.96, -8.62
341.46, -8.08
341.46, -8.08
341.46, -8.08
343.37, -7.62
345.28, -7.38
345.28, -7.38
345.28, -7.38
345.28, -7.38
349.13, -6.69
349.13, -6.69
349.13, -6.69
349.13, -6.69
351.08, -6.08
351.08, -6.08
351.08, -6.08
351.08, -6.08
351.08, -6.08
353.03, -5.92
353.03, -5.92
353.03, -5.92
353.03, -5.92
355.00, -5.15
355.00, -5.15
356.97, -5.23
356.97, -5.23
356.97, -5.23
358.96, -4.91
358.96, -4.91
358.96, -4.91
358.96, -4.91
358.96, -4.91
360.96, -4.62
371.12, -3.36
371.12, -3.36
371.12, -3.36
385.83, -2.54
385.83, -2.54
390.14, -2.46
394.50, -2.46
394.50, -2.46
396.70, -2.42
396.70, -2.42
398.90, -2.38
401.13, -2.31
407.86, -2.31
410.14, -2.23
410.14, -2.23
424.03, -2.23
426.39, -2.31
445.76, -2.31
445.76, -2.31
463.43, -2.77
463.43, -2.77
468.60, -2.69
473.84, -2.46
473.84, -2.46
481.80, -2.38
481.80, -2.38
495.36, -2.00
498.12, -2.08
498.12, -2.08
498.12, -2.08
498.12, -2.08
500.89, -1.92
512.14, -1.92
514.99, -1.92
517.86, -2.08
520.74, -2.08
538.39, -2.54
538.39, -2.54
550.48, -3.00
550.48, -3.00
559.73, -3.46
559.73, -3.46
565.98, -4.00
565.98, -4.00
591.69, -4.92
591.69, -4.92
594.98, -4.87
594.98, -4.87
594.98, -4.87
598.29, -5.12
598.29, -5.12
601.62, -5.15
604.97, -5.31
615.14, -5.77
618.56, -5.31
622.01, -5.15
625.47, -5.08
625.47, -5.08
628.95, -4.92
628.95, -4.92
628.95, -4.92
628.95, -4.92
632.46, -4.38
635.98, -4.32
635.98, -4.32
635.98, -4.32
635.98, -4.32
635.98, -4.32
639.52, -3.74
639.52, -3.74
639.52, -3.74
643.08, -3.23
646.66, -3.15
646.66, -3.15
653.88, -2.08
653.88, -2.08
657.52, -2.00
661.18, -1.58
661.18, -1.58
664.87, -1.23
664.87, -1.23
664.87, -1.23
668.57, -0.15
672.29, -0.77
672.29, -0.77
672.29, -0.77
676.03, -0.29
676.03, -0.29
676.03, -0.29
676.03, -0.29
679.80, 0.03
679.80, 0.03
679.80, 0.03
679.80, 0.03
679.80, 0.03
683.58, 0.31
687.39, 0.44
687.39, 0.44
687.39, 0.44
687.39, 0.44
691.22, 0.77
695.07, 1.02
695.07, 1.02
695.07, 1.02
695.07, 1.02
698.94, 1.23
706.74, 1.46
722.62, 1.77
722.62, 1.77
730.69, 1.77
734.75, 1.77
742.96, 2.00
742.96, 2.00
755.44, 2.08
755.44, 2.08
768.13, 2.31
768.13, 2.31
785.38, 2.46
789.76, 2.46
794.15, 2.31
798.58, 2.46
816.51, 2.46
816.51, 2.46
863.13, 2.00
863.13, 2.00
877.63, 1.73
877.63, 1.73
882.52, 1.62
892.38, 1.54
897.34, 1.62
897.34, 1.62
897.34, 1.62
902.34, 1.62
902.34, 1.62
938.11, 1.62
938.11, 1.62
953.86, 1.46
953.86, 1.46
964.52, 1.46
964.52, 1.46
980.72, 1.23
986.18, 1.23
991.67, 1.15
997.19, 1.19
997.19, 1.19
997.19, 1.19
997.19, 1.19
1002.75, 1.08
1002.75, 1.08
1025.27, 1.00
1025.27, 1.00
1048.29, 1.15
1054.13, 1.31
1060.00, 1.56
1060.00, 1.56
1060.00, 1.56
1065.90, 2.00
1065.90, 2.00
1071.84, 2.38
1071.84, 2.38
1071.84, 2.38
1077.81, 2.62
1077.81, 2.62
1083.81, 2.77
1089.84, 3.10
1089.84, 3.10
1089.84, 3.10
1102.02, 3.38
1102.02, 3.38
1120.53, 4.15
1120.53, 4.15
1139.35, 4.77
1152.07, 4.73
1152.07, 4.73
1158.49, 4.81
1158.49, 4.81
1164.94, 4.87
1164.94, 4.87
1164.94, 4.87
1177.95, 4.77
1204.41, 5.00
1204.41, 5.00
1211.11, 4.92
1231.46, 4.92
1238.31, 4.85
1245.21, 4.77
1259.11, 4.85
1266.13, 4.77
1266.13, 4.77
1273.18, 4.69
1280.27, 4.77
1301.77, 4.51
1301.77, 4.51
1301.77, 4.51
1338.42, 3.56
1338.42, 3.56
1338.42, 3.56
1353.37, 3.00
1360.90, 2.85
1360.90, 2.85
1360.90, 2.85
1368.48, 2.46
1368.48, 2.46
1368.48, 2.46
1376.10, 2.31
1376.10, 2.31
1383.76, 1.46
1383.76, 1.46
1391.47, 1.38
1399.22, 0.96
1399.22, 0.96
1407.01, 0.42
1407.01, 0.42
1407.01, 0.42
1407.01, 0.42
1422.72, 0.05
1422.72, 0.05
1422.72, 0.05
1430.64, -0.08
1430.64, -0.08
1438.61, -0.19
1438.61, -0.19
1446.62, -0.69
1446.62, -0.69
1470.92, -1.15
1470.92, -1.15
1503.96, -1.50
1503.96, -1.50
1512.33, -1.56
1512.33, -1.56
1512.33, -1.56
1546.30, -1.23
1546.30, -1.23
1572.27, -1.23
1572.27, -1.23
1598.69, -1.08
1598.69, -1.08
1616.54, -1.08
1616.54, -1.08
1625.54, -1.15
1625.54, -1.15
1634.59, -1.08
1634.59, -1.08
1652.85, -1.08
1652.85, -1.08
1671.31, -1.15
1671.31, -1.15
1737.55, -1.69
1737.55, -1.69
1766.74, -2.08
1766.74, -2.08
1776.57, -2.00
1776.57, -2.00
1796.41, -2.00
1796.41, -2.00
1806.42, -2.08
1806.42, -2.08
1857.27, -2.08
1857.27, -2.08
1888.47, -2.23
1888.47, -2.23
1952.45, -2.77
1952.45, -2.77
1974.25, -3.15
1985.25, -3.23
1985.25, -3.23
1996.30, -3.41
1996.30, -3.41
1996.30, -3.41
2007.42, -3.54
2063.93, -3.85
2063.93, -3.85
2157.69, -3.54
2157.69, -3.54
2230.78, -3.15
2230.78, -3.15
2280.89, -2.62
2280.89, -2.62
2358.16, -2.15
2358.16, -2.15
2371.29, -1.92
2371.29, -1.92
2451.63, -1.46
2451.63, -1.46
2506.69, -0.77
2506.69, -0.77
2577.26, -0.15
2606.04, -0.23
2620.56, -0.15
2620.56, -0.15
2635.15, -0.08
2664.58, -0.15
2724.42, 0.38
2754.85, 0.46
2754.85, 0.46
2785.61, 0.46
2785.61, 0.46
2801.12, 0.38
2801.12, 0.38
2832.41, 0.46
2832.41, 0.46
2879.98, 0.31
2879.98, 0.31
2928.36, 0.54
2928.36, 0.54
2961.07, 0.92
2977.55, 1.00
2994.13, 1.15
2994.13, 1.15
2994.13, 1.15
2994.13, 1.15
3010.81, 1.31
3095.57, 1.92
3095.57, 1.92
3165.10, 2.23
3165.10, 2.23
3236.18, 2.23
3236.18, 2.23
3290.55, 2.38
3290.55, 2.38
3383.19, 2.38
3383.19, 2.38
3402.02, 2.46
3402.02, 2.46
3478.43, 2.46
3478.43, 2.46
3497.80, 2.54
3497.80, 2.54
3616.30, 2.54
3616.30, 2.54
3718.11, 2.23
3718.11, 2.23
3759.64, 1.92
3759.64, 1.92
3865.48, 1.46
3865.48, 1.46
3930.41, 1.38
3930.41, 1.38
3974.31, 1.23
3996.44, 1.21
3996.44, 1.21
3996.44, 1.21
3996.44, 1.21
4018.69, 1.15
4063.57, 1.08
4086.20, 1.00
4108.95, 0.85
4108.95, 0.85
4224.63, 0.62
4224.63, 0.62
4392.08, -0.04
4392.08, -0.04
4416.53, -0.12
4416.53, -0.12
4441.13, -0.26
4441.13, -0.26
4441.13, -0.26
4465.85, -0.15
4515.73, -0.15
4540.87, -0.58
4540.87, -0.58
4540.87, -0.58
4540.87, -0.58
4668.71, -1.00
4668.71, -1.00
4747.14, -1.46
4747.14, -1.46
4907.96, -1.85
4907.96, -1.85
4962.77, -1.85
4990.41, -1.74
4990.41, -1.74
4990.41, -1.74
5018.20, -1.69
5046.14, -1.62
5074.24, -1.62
5246.14, -1.23
5275.36, -1.15
5334.27, -0.77
5454.08, -0.15
5484.45, -0.31
5514.99, -0.15
5514.99, -0.15
5545.70, -0.04
5545.70, -0.04
5576.58, -0.15
5607.63, 0.08
5607.63, 0.08
5797.61, 1.00
5797.61, 1.00
5960.83, 1.38
5994.02, 1.42
5994.02, 1.42
5994.02, 1.42
5994.02, 1.42
6162.77, 1.85
6231.59, 1.92
6336.27, 1.92
6371.55, 2.00
6478.58, 2.00
6478.58, 2.00
6550.94, 1.92
6698.07, 1.62
6848.51, 1.23
6924.99, 0.92
7002.32, 0.67
7002.32, 0.67
7002.32, 0.67
7041.32, 0.54
7041.32, 0.54
7159.60, -0.15
7199.46, 0.08
7239.55, -0.15
7279.86, -0.12
7279.86, -0.12
7320.40, -0.19
7320.40, -0.19
7361.16, -0.31
7402.15, -0.15
7610.55, -1.00
7610.55, -1.00
7738.39, -1.69
7738.39, -1.69
7956.25, -2.15
8000.55, -2.12
8000.55, -2.12
8045.10, -2.08
8045.10, -2.08
8134.95, -2.08
8134.95, -2.08
8271.60, -1.92
8271.60, -1.92
8410.55, -1.92
8457.38, -1.85
8695.48, -1.85
8695.48, -1.85
8841.55, -2.08
8990.07, -2.29
8990.07, -2.29
8990.07, -2.29
8990.07, -2.29
9040.13, -2.23
9398.44, -2.77
9450.77, -2.77
9935.08, -3.46
9990.40, -3.49
9990.40, -3.49
9990.40, -3.49
9990.40, -3.49
9990.40, -3.49
10046.03, -3.69
10046.03, -3.69
10328.86, -4.08
10328.86, -4.08
10560.85, -4.23
10560.85, -4.23
10918.63, -4.31
10918.63, -4.31
11102.05, -4.54
11102.05, -4.54
11288.54, -4.62
11288.54, -4.62
11414.60, -5.15
11542.08, -5.15
11606.35, -5.08
11670.98, -5.15
11670.98, -5.15
11735.96, -5.23
11801.31, -5.15
11933.11, -5.46
11933.11, -5.46
12133.56, -5.92
12133.56, -5.92
12406.08, -6.23
12406.08, -6.23
12897.80, -7.36
12897.80, -7.36
12897.80, -7.36
13041.83, -7.92
13114.46, -8.12
13114.46, -8.12
13114.46, -8.12
13114.46, -8.12
13187.48, -8.44
13187.48, -8.44
13187.48, -8.44
13260.91, -8.92
13260.91, -8.92
13334.75, -9.31
13334.75, -9.31
13334.75, -9.31
13409.01, -10.08
13483.67, -9.77
13483.67, -9.77
13558.75, -10.04
13558.75, -10.04
13634.25, -10.13
13634.25, -10.13
13634.25, -10.13
13710.17, -10.62
13710.17, -10.62
13786.51, -10.08
14332.95, -11.62
14332.95, -11.62
14412.76, -12.08
14412.76, -12.08
14654.86, -12.69
14654.86, -12.69
14654.86, -12.69
14736.47, -13.04
14736.47, -13.04
14818.52, -14.23
14818.52, -14.23
14901.04, -13.69
14901.04, -13.69
14901.04, -13.69
14901.04, -13.69
14984.01, -13.92
14984.01, -13.92
15067.45, -14.88
15067.45, -14.88
15067.45, -14.88
15067.45, -14.88
15151.35, -15.05
15151.35, -15.05
15151.35, -15.05
15235.71, -15.35
15235.71, -15.35
15235.71, -15.35
15235.71, -15.35
15320.55, -16.12
15320.55, -16.12
15405.86, -17.60
15405.86, -17.60
15405.86, -17.60
15405.86, -17.60
15491.64, -17.38
15491.64, -17.38
15491.64, -17.38
15491.64, -17.38
15577.91, -18.12
15577.91, -18.12
15577.91, -18.12
15577.91, -18.12
15664.65, -19.23
15664.65, -19.23
15664.65, -19.23
15664.65, -19.23
15664.65, -19.23
15751.87, -19.97
15751.87, -19.97
15751.87, -19.97
15751.87, -19.97
15751.87, -19.97
15751.87, -19.97
15751.87, -19.97
15839.59, -20.56
15839.59, -20.56
15839.59, -20.56
15839.59, -20.56
15839.59, -20.56
15839.59, -20.56
15927.79, -21.65
15927.79, -21.65
15927.79, -21.65
15927.79, -21.65
16016.48, -21.77
16016.48, -21.77
16016.48, -21.77
16016.48, -21.77
16016.48, -21.77
16105.66, -22.77
16105.66, -22.77
16105.66, -22.77
16105.66, -22.77
16195.34, -23.21
16195.34, -23.21
16195.34, -23.21
16285.52, -23.79
16285.52, -23.79
16285.52, -23.79
16376.21, -24.12
16376.21, -24.12
16467.39, -24.85
16651.29, -24.77
16651.29, -24.77
16744.01, -24.81
16744.01, -24.81
16837.25, -24.88
16837.25, -24.88
17025.28, -24.85
17120.08, -25.15
17120.08, -25.15
17215.41, -25.46
17215.41, -25.46
17602.07, -26.00
17602.07, -26.00
17798.64, -26.62
17798.64, -26.62
17997.41, -26.85
17997.41, -26.85
18198.40, -27.46
18198.40, -27.46
18504.10, -28.04
18504.10, -28.04
18504.10, -28.04
18504.10, -28.04
18607.14, -29.85
18710.75, -28.54
18710.75, -28.54
18814.93, -28.85
18814.93, -28.85
18814.93, -28.85
18814.93, -28.85
18919.70, -29.19
18919.70, -29.19
19025.05, -29.62
19025.05, -29.62
19025.05, -29.62
19130.99, -29.77
19130.99, -29.77
19237.51, -29.97
19237.51, -29.97
19237.51, -29.97
19237.51, -29.97
19237.51, -29.97
19344.64, -29.85
19560.67, -30.48
19560.67, -30.48
19560.67, -30.48
19560.67, -30.48
19669.59, -31.04
19669.59, -31.04
19779.11, -31.35
19779.11, -31.35
19889.25, -31.54
20000.00, -31.69
20000.00, -31.69
